65
223
152
104
99
237
252
130
93
145
56
119
30
153
103
124
221
84
248
184
212
63
57
167
226
171
191
39
178
115
60
18
209
138
64
74
169
110
5
123
253
224
247
143
190
240
218
108
241
166
140
228
158
160
129
134
185
208
92
154
22
34
67
61
42
51
95
88
87
141
194
161
25
91
48
107
198
121
238
168
210
193
52
122
255
82
10
47
40
75
234
7
243
29
58
77
139
183
245
44
174
11
176
186
97
31
131
220
204
72
16
135
100
96
80
175
236
45
195
227
201
86
157
21
2
251
173
13
98
180
231
242
17
37
179
165
28
254
211
68
43
53
76
73
128
106
162
215
26
126
163
9
239
203
216
137
205
33
244
4
54
109
20
144
192
230
150
35
249
14
170
111
62
219
207
116
214
199
41
146
112
89
181
133
206
182
132
246
70
85
147
177
32
19
15
117
142
36
200
233
90
0
46
69
127
114
83
6
151
49
66
12
125
105
102
101
189
202
156
217
172
3
222
235
120
113
213
55
155
8
24
197
78
118
71
38
94
23
232
79
1
81
250
59
136
50
27
148
164
149
187
225
229
159
188
196